environment: 0.9947223663330078
social: 0.0007510398281738162
governance: 0.0017606047913432121
positive: 0.00038199537084437907
negative: 0.00038134781061671674
neutral: 0.0003606266691349447
unknown: 0.0009392941137775779
controversial: 0.0003077882865909487
other: 0.0003949487872887403
