environment: 0.8733471632003784
social: 0.011982177384197712
governance: 0.10159143805503845
positive: 0.0019289231859147549
negative: 0.00346727529540658
neutral: 0.001695674262009561
unknown: 0.00373461632989347
controversial: 0.0011624456383287907
other: 0.001090376521460712
